0,2804805 0,4835136 0,2153715 0,00736733 -0,4518204 -0,272099 -0,1279424 -0,2663528 0,2862588 0,4059265 -0,1433618 0,005015864 0,01009798 -0,1131125 -0,3460603 -0,4642432 -0,3590277 -0,1687752 -0,2535797 0,1917478 -0,4809901 0,3537061 0,002673164 0,306788 -0,2956157 
0,1043001 0,3119032 0,08508614 -0,1110848 0,4128345 -0,3432898 0,3075649 0,08241155 0,3371668 0,4840742 0,4317257 -0,4669351 0,3879744 -0,05475823 0,2677019 -0,1297748 -0,0228423 -0,1257481 0,2954071 -0,1911068 -0,4265716 0,1094464 -0,3940867 -0,3823213 0,3369991 
-0,3051487 0,1047447 0,3290349 0,2637786 0,007492987 0,444215 -0,03118536 0,3877402 -0,1793481 -0,0930909 -0,1059388 0,3585112 0,361643 0,4520833 0,2112237 0,004468357 0,5037143 0,08455671 -0,07174657 -0,2215272 0,4251386 -0,2037682 0,3556076 -0,1028312 -0,2184736 
0,08826254 0,001684456 0,1824774 -0,03971056 -0,407136 -0,4915342 0,290283 -0,05476398 0,1104089 0,1210412 0,03202672 -0,3753586 0,2641716 -0,1694279 -0,3974313 -0,01431883 -0,3395186 0,01127818 -0,5233365 -0,1099541 0,01504469 0,04616902 -0,0878192 0,4388856 0,2591232 
-0,359781 0,4414425 0,2353317 0,300685 0,4191412 0,4401709 0,2623186 -0,1038536 -0,05514787 0,4486441 -0,04344694 0,1604591 -0,111605 -0,3187467 -0,1237822 0,1711782 -0,09180567 -0,1871455 -0,1600535 -0,2767172 -0,02382147 -0,3469598 -0,2884025 -0,09731848 0,347197 
0,2230807 0,2533746 0,3256607 0,4516442 0,2543459 0,4703268 -0,4486718 0,2593494 0,2448556 -0,4689032 -0,4502144 -0,4700136 0,1268122 0,2140024 0,2034368 0,2822136 0,157969 -0,1514295 -0,1068082 0,07451793 0,2092443 0,3281156 -0,177782 0,1388221 0,242249 
-0,4063478 -0,2325692 -0,3561527 0,3083919 -0,1944188 0,4388065 0,2370907 -0,1908193 0,4803914 -0,3570426 -0,2801206 0,3893586 -0,02459565 0,2085306 0,4758223 -0,1288526 0,4602959 0,1452475 -0,2929552 -0,1218445 0,1546693 0,3260655 0,10755 0,1298153 -0,09896141 
0,3358256 0,2751922 0,299863 0,2972195 -0,3723656 0,4159414 -0,04467783 -0,2882647 -0,3319663 0,1784149 0,1638171 0,4393734 0,4630818 -0,07783883 -0,4361092 -0,2007881 0,1773856 0,1395291 0,07261523 -0,02108945 0,3979053 -0,3313007 0,1527844 -0,07744582 -0,3106188 
0,2233441 -0,2934012 -0,3875835 -0,2187358 -0,4076472 -0,203433 0,1717663 0,02516675 -0,1072925 -0,0004394049 -0,3230115 0,4640327 0,03339541 0,4055142 -0,2919223 0,2710544 0,2397462 -0,2061095 -0,4938359 -0,2034161 -0,05993883 -0,5014608 -0,2846039 -0,377026 -0,433888 
0,4557757 -0,3318694 -0,4558748 -0,3663475 0,01320304 0,1171694 -0,4047137 -0,1329382 0,1442185 -0,1304317 0,2496258 -0,1731284 0,4291653 -0,4156258 -0,07417227 0,4581274 -0,06540258 0,05519321 0,4272354 0,3993063 -0,1625513 -0,3144269 0,2460642 -0,1439 0,1863495 
-0,3064744 0,4170003 0,0932161 -0,3969067 0,2433355 0,2704519 0,4997967 0,5113978 -0,2938372 -0,3582091 -0,4283686 0,160299 -0,1067066 0,3404907 0,3670023 -0,4021122 0,05586974 0,3932236 0,03061084 -0,04881315 -0,02155285 0,2398818 -0,2755588 0,07955882 -0,1497751 
0,4683354 -0,04907549 -0,2495985 -0,2490989 0,2066195 0,3021827 -0,07416801 0,2191187 -0,09000026 -0,1431988 0,2472988 0,001717164 -0,233109 0,4158351 0,09700913 0,264232 -0,1517499 0,2390518 0,4084719 -0,2078454 -0,1651453 -0,4551462 0,2194564 -0,4261062 0,3300916 
0,3196242 -0,1980341 -0,3468598 0,3410566 -0,2362923 -0,1142205 0,1931043 -0,47943 0,3172607 0,2400911 -0,1713402 0,2290748 0,2214343 -0,04426753 -0,08751263 0,1624596 0,4102854 0,4822794 -0,01086912 -0,3960057 0,0986926 -0,2174517 0,4714453 0,4075825 0,2158196 
-0,409281 -0,4282586 -0,2322425 -0,1824225 0,4403094 0,4475456 0,2247498 -0,3237978 -0,04680678 0,4317171 -0,01203619 -0,1767139 0,3064339 -0,3390647 0,499808 -0,410265 -0,0511982 -0,07535054 -0,3845575 -0,2461648 -0,4669637 0,05548206 -0,2144191 0,01652314 0,1277487 
-0,1135559 -0,4220683 -0,2996708 0,4741724 -0,2433942 0,0004254209 -0,1744635 -0,2152071 -0,3736328 -0,3542448 -0,1436024 -0,1732872 0,2421699 0,315003 0,2709324 0,1150474 0,06707007 -0,1489599 0,03322924 0,3964328 -0,07856846 -0,3928742 0,3415875 0,05565864 -0,4594275 
-0,3475463 0,3334145 0,2780714 0,1464376 0,1694342 0,04591312 0,2663616 0,2582416 0,1561012 0,1366865 0,3923486 0,005774738 -0,2910126 -0,32716 -0,01515733 -0,3775908 0,4531821 0,1947797 -0,4956124 0,09967552 0,2622867 0,2483976 0,15619 -0,109021 0,1626655 
0,05403002 -0,2754878 0,2325909 0,1303209 -0,2201169 -0,2252448 -0,2480209 0,1511516 0,4292849 -0,3865157 0,1130075 0,01078713 0,1253596 -0,04843155 0,07971837 0,1165196 0,0531223 -0,4353157 -0,2898735 0,4110634 -0,3865761 -0,1726487 -0,3379475 -0,4438967 0,2757716 
-0,04700613 -0,1130142 0,3881031 0,4627921 -0,1609982 -0,1025984 -0,3222352 -0,07990923 0,4183479 -0,3318468 -0,1962699 -0,565718 -0,3263922 -0,08702308 -0,2541341 0,1571691 0,40059 -0,2001603 -0,3915695 0,3639053 0,1044563 -0,1313596 -0,3004454 -0,0162912 -0,469839 
-0,3522037 0,1921089 0,003757728 -0,02427472 0,07283579 -0,3203942 -0,4470676 0,1849129 0,3807109 0,2809174 0,3852336 -0,129965 0,2063006 0,1447604 0,1875199 -0,07812684 -0,3565505 0,1718184 -0,1386733 -0,2327931 0,06190431 -0,01593826 0,131669 0,3841724 -0,223583 
-0,2378929 -0,4453595 -0,363876 -0,2767498 -0,3146881 -0,3961924 -0,3119341 -0,1171289 0,4500291 -0,3894826 0,1755522 0,2241634 0,4478918 -0,1125511 0,480814 -0,2381763 -0,1710015 -0,2822036 0,1265975 -0,04962387 -0,2379753 -0,3346253 0,1113934 -0,1793257 -0,0969516 
-0,05112589 0,1585173 0,4164891 -0,2964416 -0,09942738 0,1935762 -0,4673884 0,06727237 -0,2813047 -0,1673306 -0,3772435 0,4569159 -0,06660905 0,2546133 0,1956774 0,171965 -0,4989675 0,2164622 0,01868355 -0,4427809 0,1622009 -0,3174474 -0,2318602 -0,1409831 -0,5244682 
-0,2633647 -0,2604433 -0,4484977 -0,06990693 0,5111179 -0,4249994 -0,05547314 0,3116467 0,3141824 0,1876815 -0,0622935 -0,2466769 -0,2812935 0,02046676 -0,1184274 0,1294758 -0,3262838 0,2543406 -0,4037648 0,3933443 -0,1803205 0,4055921 -0,02752958 0,4440227 0,2521542 
-0,2520428 -0,0509988 -0,4271787 -0,2454656 0,2041136 -0,1931102 -0,05666022 0,06513865 -0,3025515 -0,3225361 -0,04460677 -0,4362455 -0,3692164 -0,2996992 -0,2404504 0,16665 -0,3760054 0,1166509 -0,4603638 -0,2821621 -0,08637706 0,2937198 -0,2873684 -0,4017203 -0,07305619 
-0,01085169 -0,05510319 -0,3360713 -0,03590948 0,1453171 -0,1707737 0,2720676 -0,4086443 0,2173575 0,2307926 0,1593562 -0,0795354 0,0152803 -0,3731018 -0,08202064 -0,4796682 0,2218404 -0,4993004 -0,2115373 0,4367843 0,07956928 -0,4937188 0,03805675 0,2957797 -0,2944817 
-0,3157373 -0,1828969 -0,1168401 0,1677929 -0,1978018 -0,03957894 -0,2436263 0,4773023 0,3850442 -0,3154524 0,3658654 -0,2188713 -0,4373192 -0,02181146 0,3871479 0,217646 0,4310223 -0,04381203 -0,04635401 0,07186349 -0,2159713 0,05295301 0,00020362 0,1171765 -0,278787 
