-0,2960985 0,1840921 -0,3451262 0,5294285 -0,2531671 0,0741994 0,06140202 -0,3628065 -0,5376162 1,001382 -0,1622106 0,3754534 0,2057996 0,9530591 -0,3620648 -0,4647709 -0,1346811 -0,09887426 0,5730583 0,1476944 -0,722088 0,7835334 0,1855667 -0,4630486 0,6850388 
0,3412295 0,3160648 -0,1275263 0,2729825 -0,1654055 0,5331949 0,3104579 0,4466534 -0,0600231 -0,2533759 0,2106698 -0,214224 -0,3866983 -0,2226923 -0,4937078 -0,3943666 -0,1017746 0,2628578 0,2197713 0,249199 0,4948354 -0,2634652 0,4667106 -0,1684567 -0,3880018 
0,1871391 0,1609634 -0,3887201 -0,4992558 -0,4697242 0,2595163 -0,1083401 0,3322548 0,1626416 -0,3111663 0,387739 -0,5925842 0,05082633 0,4071256 -0,4692601 0,06396114 0,1754717 -0,4737005 -0,08126152 -0,1176765 0,4659382 0,05794375 0,05443716 0,3912442 -0,2528521 
-0,06858267 -0,3343222 0,3770763 -0,2526773 0,4006861 0,1316063 0,4158205 -0,5152063 0,3378181 -0,08554645 -0,3774293 -0,1013977 0,4301831 -0,1750508 0,2109052 -0,09486277 -0,03847751 0,19186 0,5213026 -0,1404783 -0,3249862 0,5679016 -0,5956998 0,1972877 -0,2714099 
-0,2823998 -0,4191383 -0,1650362 0,3638192 -0,1679927 -0,05720209 -0,2104486 -0,1557302 0,3189549 0,01103761 0,09792054 0,07266763 0,02601123 0,09637862 0,1021134 0,1287358 0,2940845 0,2844668 -0,1626176 0,3871238 -0,5239639 0,3639454 0,3089243 0,4337321 -0,2528818 
-0,1478903 0,5411234 0,3981544 -0,2589489 -0,3115539 0,123851 -0,600887 -0,3123578 -0,2951526 0,2056485 0,1107185 -0,1487708 -0,09267866 0,01879653 -0,440205 0,5483618 -0,1500955 -0,3887861 0,0575189 -0,2783379 0,3679564 0,1772353 -0,4510722 -0,2041098 0,2038233 
-0,2860908 -0,4913094 0,3346128 0,4921469 -0,5618324 -0,176034 -0,02724617 -0,2695378 0,1056763 0,5633035 -0,186542 0,1217832 -0,5642955 0,2392871 0,4169421 -0,1235118 -0,02134003 -0,1389476 0,352217 -0,4470156 -0,5454801 0,09814347 -0,1955254 -0,2819504 0,3894024 
0,3817015 0,4846678 0,4360743 -0,004742392 0,1051061 -0,03382983 0,09973677 -0,1104581 0,09714758 0,3478851 -0,1798863 -0,1955371 -0,1265755 -0,5797777 -0,150074 -0,2775661 0,618593 0,4131291 -0,09471562 -0,06449933 -0,009798417 -0,46024 -0,2964642 -0,4734561 0,498727 
-0,09636156 0,007519547 -0,02154451 -0,5560638 -0,3217895 -0,01228535 0,2802722 0,04833658 0,5632551 -0,3758454 -0,1039585 -0,002149043 0,3897755 -0,6140269 0,07375925 0,5381598 0,5976077 -0,1066159 0,3002762 -0,1869818 0,5137193 0,276785 -0,3283982 -0,1024079 -0,6064521 
-0,08234423 0,4209247 0,313916 0,1799276 -0,05400241 0,1363203 -0,06022807 0,4245067 0,1563919 -0,3103864 0,4193409 -0,2502398 -0,02373376 -0,09902783 -0,384076 0,1316923 0,3932806 0,009220901 0,2399035 0,4556603 0,1580186 -0,5243875 0,1604524 -0,457417 0,3062646 
-0,03019563 0,3524454 0,09229212 0,06165512 0,3578037 0,001838218 -0,1515484 -0,5942258 -0,3546732 -0,498492 0,512201 0,3691788 0,3742435 0,2200569 0,1494034 -0,4898154 0,1091989 -0,2939368 0,4650114 0,01771336 0,06256825 0,00250857 -0,524533 0,2033781 0,2632448 
-0,6766509 -0,2785948 -0,3409576 -0,1105451 -0,09991752 -0,1633353 -0,3908266 0,415851 0,4540218 0,1460537 0,3950923 0,3470886 -0,1443951 0,3437369 0,001895202 -0,1301405 -0,4084279 -0,2769586 -0,1161035 -0,2173244 0,3707385 -0,3771297 0,4347162 -0,2654245 0,4722197 
0,709623 0,4185192 0,301832 0,005815091 -0,2549689 -0,4783945 0,4340097 0,6764448 0,3166527 0,4082715 -0,381846 0,7000291 -0,05664593 0,2294125 0,3854567 0,3322762 -0,3094153 0,5158565 0,423587 0,5635918 -0,4731161 -0,1141042 0,003319095 -0,3149568 -0,7354488 
-0,3124573 -0,670696 -0,04447158 -0,2355756 -0,3827025 0,6997303 0,2456058 -0,2949604 0,2627143 -0,2911366 0,02655118 -0,2080303 -0,272483 0,2015685 -0,02219679 0,06587782 0,4328584 -0,1547498 0,5065763 0,02101172 0,04252771 0,3211642 0,2572488 0,2304941 -0,01388013 
0,09951744 -0,2523652 0,3578613 -0,2447492 0,395661 0,1358255 0,03731815 0,04799042 -0,1005709 0,4184422 -0,4797072 -0,3313136 0,1030095 0,2375229 0,3881408 0,09676179 0,3748889 0,3450093 -0,2336365 -0,08590052 -0,006856687 0,218376 -0,3352986 -0,169057 -0,4383668 
-0,2818533 0,5114249 0,1120194 0,1724722 -0,1260171 -0,1334394 -0,0706267 -0,3381914 0,4615417 0,04159838 0,3191001 0,1366429 0,2573269 0,5522072 0,3401095 0,4041168 0,419623 0,5560086 0,3399392 0,01098299 0,04685269 -0,2272747 0,2029677 0,5912203 -0,5884257 
0,4092757 0,4684413 -0,1498522 -0,3110925 -0,3977041 0,3177784 0,5778806 0,2840978 -0,2326961 0,05820661 0,2722672 0,5517951 0,3815586 -0,424647 0,1432501 0,1629071 -0,4842959 0,2405093 -0,2528464 -0,2614151 0,5239385 0,6057329 0,4852205 -0,05655383 -0,1770131 
-0,05902702 0,2319656 -0,1846616 0,28662 0,03814913 0,3226031 -0,4006929 0,05435249 -0,1719151 0,3160236 0,09138036 0,6059913 0,7504637 0,1609904 0,2970161 0,293456 -0,6892325 0,08745208 -0,3668737 -0,09519917 0,6132054 0,5984861 0,5778446 -0,5825997 0,3512695 
0,1513598 0,1423852 -0,03750964 0,4742005 -0,3691985 0,2966298 -0,7048258 -0,5881376 -0,0226599 0,07063022 0,3628656 -0,07587236 0,3483578 0,1463092 0,282656 -0,1214208 0,1134516 -0,1529291 -0,4435751 -0,404049 0,3355899 -0,6126266 0,3174772 -0,1009593 -0,1100182 
0,432133 -0,1948761 0,3497538 -0,07281992 -0,002964395 0,06679526 0,301999 -0,328065 0,4536443 0,2709763 -0,2264547 0,4714273 0,1677648 -0,1481808 0,4891745 -0,05716146 0,4398186 -0,05926189 -0,3181604 0,4638997 -0,2689264 -0,2183472 0,1839817 -0,1270873 0,3299508 
-0,2131729 0,6022484 0,3093184 -0,3887437 0,3934069 0,08411349 -0,40705 -0,790272 0,2016009 -0,113355 0,1195542 -0,804173 0,5462953 0,7859741 0,2903839 -0,6101874 -0,3059929 0,3462562 -0,9702168 0,1216845 0,02536766 0,255786 0,1846879 0,2072562 0,5404215 
-0,4160509 0,1875115 0,2460532 0,04212715 0,1081796 0,05838526 -0,0556584 -0,2688518 -0,0247214 -0,2401943 0,4161638 -0,2421042 -0,3245068 -0,4233396 -0,2511704 0,2592499 0,4349585 0,4325733 -0,4095679 -0,1277943 -0,4299501 -0,5451733 -0,2071133 0,1106285 0,3311639 
-0,334453 -0,1199818 0,290507 0,5099363 -0,1435898 0,01765424 0,4666977 -0,6039807 -0,0631182 0,3819628 0,4036731 0,5660483 0,03713864 -0,4126625 0,2488437 0,2710463 0,3546719 -0,1271856 0,242708 0,5817418 -0,002993962 -0,208247 0,3280685 0,3500134 0,2607545 
-0,03976052 -0,324328 0,06256277 -0,4181795 0,07482581 -0,3925819 -0,1326904 -0,3807569 0,3265039 0,1869613 -0,3020179 0,255045 0,2424771 0,7543988 0,2205556 0,6375073 -0,3720172 0,06465077 -0,04412693 -0,07408159 0,5512118 -0,02993213 0,4515592 0,07344215 0,02112161 
-0,2489071 0,1899652 0,06482668 0,0773824 -0,4690439 -0,5720961 0,3167698 0,4268751 -0,441586 0,3914782 -0,1453851 -0,2464036 0,2356671 0,3941264 -0,06968201 -0,03985298 0,4892511 0,2519162 0,102944 0,01932717 -0,5919584 -0,2838207 -0,0865925 0,538747 0,6063713 
