-0,4405865 0,07104354 0,08544555 0,2914179 0,2531386 0,1510634 0,3985774 -0,5036589 0,03442386 -0,5733278 -0,2738416 -0,1094314 -0,5535194 0,2794798 0,24872 -0,2984967 -0,2815965 0,2979217 0,2784339 0,4993199 0,03254231 0,3158138 -0,06795074 -0,4548037 -0,5336943 
-0,0003120184 0,5681879 -0,5431978 0,2051972 0,005169824 0,3330486 -0,4837112 -0,2747473 0,05870226 -0,3590023 0,1595799 0,3856387 0,2249094 -0,7894482 0,2430761 0,1461324 0,01258533 0,3948988 -0,07439391 0,3215219 -0,1468422 0,1815171 -0,2015152 -0,08092032 0,1499927 
-0,3533631 -0,008296772 0,2227053 0,5769504 -0,05519446 -0,3271 -0,3774166 -0,2728714 0,03474985 -0,2499446 0,4377514 0,2977856 -0,514342 -0,6317102 -0,4932635 -0,1738363 0,5740333 0,03782405 -0,004031063 -0,4290417 -0,1033251 0,4478895 0,3540767 -0,445357 -0,2018482 
0,6275407 -0,5928896 0,4515653 -0,5344751 0,3867428 0,5527977 0,363629 0,2686325 -0,1948412 0,3084626 -0,2637531 -0,2814212 0,2428179 -0,2119064 0,3884207 -0,3046888 -0,2049402 0,4107912 0,6875114 0,4796747 0,2705637 -0,4166017 0,362719 -0,2553106 0,1019581 
-0,2939245 -0,1702977 0,08220455 -0,1258968 -0,1840004 0,04999306 0,1399656 0,2241935 0,1705478 0,1091228 -0,1428435 -0,1872835 -0,3623324 0,2560074 -0,271459 -0,3918702 -0,4425497 0,6097658 -0,3945311 0,4010774 0,6405568 -0,07107729 -0,2322556 -0,5314033 0,3049121 
0,2468508 0,4143627 0,3727094 -0,3843582 0,04912296 0,06677807 -0,4360718 0,211129 -0,1327261 0,1617852 0,2112866 -0,3120501 -0,211314 0,2905743 -0,224709 0,4615491 0,01415581 0,6525028 0,0007238838 -0,2417997 0,5368446 -0,2819332 -0,4606804 0,2723708 0,308543 
0,2460981 -0,1689394 0,2359084 -0,5159342 0,07063461 0,4545656 0,5689505 -0,01203279 -0,05838996 -0,1240271 0,3845647 0,1876948 0,5515915 -0,6741554 0,5830376 -0,6022955 0,1299594 -0,02570937 -0,2326862 -0,2928956 0,2901763 0,3837638 -0,4391616 0,312597 0,8477537 
0,0204808 0,04416597 0,2019129 0,3419472 0,4235326 0,1251347 0,2000839 -0,2583961 -0,2186443 0,2241559 -0,1686068 0,05215471 -0,01200411 0,5052963 0,1244921 0,252508 0,2313557 0,441747 -0,04208035 0,1599072 -0,1356016 0,5124006 0,4596473 0,2918838 -0,2871664 
-0,2189343 -0,2634624 0,2677326 -0,3351013 -0,6448255 -0,5390809 0,1461906 0,3979572 -0,2134658 -0,5450819 -0,2636505 -0,4292657 0,06140107 0,08506871 0,3930967 -0,4164107 -0,001972663 -0,198719 -0,07648545 -0,2296699 0,0215826 -0,6012716 0,151482 0,07092956 0,3216687 
-0,4808571 0,6086273 -0,004547113 -0,21592 0,2426504 0,148044 0,0631381 0,5260403 0,2437551 0,3809604 -0,4753138 -0,4974838 -0,4244179 -0,3661341 0,03117397 -0,453631 0,02845967 -0,4123556 0,2102246 -0,03970054 0,4602059 -0,1352232 0,00677688 -0,05195705 0,02344493 
0,2497036 -0,04553748 -0,04789178 -0,1812757 0,1347406 -0,3076402 0,2193355 0,4322467 0,009935501 0,3653718 -0,2710009 0,300768 0,1623598 0,1329585 0,01115101 0,3161838 -0,369247 -0,4475391 -0,4046383 0,3935365 0,4303689 -0,05691976 -0,2604271 0,4147012 -0,1135415 
0,001639925 0,383013 0,6871027 -0,1374006 -0,6054317 0,6487435 0,04662575 0,7695248 0,3404144 0,3319106 -0,1268485 -0,4078472 0,2894388 0,9977235 -0,3250956 -0,2769387 -0,3963782 0,0539929 -0,2825576 0,01843516 -0,4605556 0,5784135 -0,2389443 -0,4083129 0,1678971 
0,2124619 -0,4873562 -0,2383738 0,2703374 -0,1536394 0,06190693 -0,1259759 0,2082873 0,08655594 0,03356247 -0,177292 0,3065318 0,190624 0,0324857 -0,3761929 0,1003664 0,3326525 0,2562311 0,3161983 -0,3326738 0,1300781 -0,01529924 -0,4624012 0,2701971 0,3292161 
0,4097764 0,1997452 0,6636565 -0,1435473 -0,3825606 -0,1629466 0,01518218 0,4234547 0,4956999 0,2817858 0,2917185 -0,366393 -0,4400953 0,3288609 -0,1580554 0,3731355 -0,1896093 0,6076365 -0,2525718 0,7197236 0,02791608 0,2672571 -0,3994324 -0,5132607 0,1980946 
-0,1032723 0,6726757 0,03706207 0,3356105 0,3296305 -0,5159651 0,4624422 -0,1862198 0,06722119 0,2068793 0,08610267 -0,252055 -0,2600753 -0,2054094 -0,05799388 0,5286327 -0,3143939 0,1288571 0,4690624 -0,1725019 0,03160861 -0,0907681 -0,06744745 -0,08547408 -0,2120186 
-0,241811 -0,1350633 0,2693306 0,4688912 -0,3767788 -0,3639749 0,2687258 0,2622741 0,1875158 -0,06152586 -0,3749747 0,4019552 0,3810751 -0,2273022 0,003112999 0,1655909 0,2986587 0,2918586 0,3991027 0,3139318 0,1063373 -0,3187387 -0,06647116 -0,4146438 -0,4063626 
-0,300357 0,2943215 -0,2051776 0,3976751 -0,2056469 0,3688031 0,04690062 -0,4542337 -0,2069771 -0,1907651 -0,1388713 -0,2197354 -0,05247018 -0,3862441 0,02006023 -0,5216026 0,04610297 0,1283807 0,4713306 -0,581123 0,3569112 -0,3794482 0,05504165 -0,1129222 0,02301366 
0,1648962 0,3039261 -0,0530373 0,1628719 0,1796895 -0,4382188 -0,2717648 0,3176131 0,3151993 0,5119902 -0,3669901 -0,313017 0,57226 -0,06029834 0,1173893 -0,03350852 0,3180077 -0,3177091 0,1241581 -0,5068548 0,1303775 0,05232862 0,499806 -0,2236199 0,4645189 
-0,3311476 0,1053297 0,002757974 -0,5418777 -0,357584 -0,4535461 -0,008223468 -0,4030451 -0,2627619 0,2194968 -0,2952172 -0,5384288 -0,02387083 0,2033192 -0,06456858 -0,1187692 0,07578421 0,1070302 -0,3577224 -0,3276947 0,2607179 0,04815848 -0,3206876 -0,2868236 -0,1101867 
-0,3554849 0,3988572 0,3190012 -0,2211619 0,5261608 -0,2764451 0,4585592 -0,2938991 0,4963419 0,2796779 -0,1235819 0,1969016 0,1205395 0,07300783 0,3251828 0,3249958 -0,3315554 0,06112541 0,1494658 0,001582358 0,3017917 -0,1715626 0,3510636 -0,3956292 0,2984317 
0,4411138 0,1098625 0,2958417 -0,5348487 0,390261 0,03966727 -0,07164542 -0,232966 0,2827176 0,3611211 -0,2511503 0,08533005 0,3321796 -0,1498219 -0,01729874 -0,1518537 0,2120322 0,1203218 -0,5103611 -0,390547 0,05378066 0,4013566 0,3198453 -0,1670687 -0,1697054 
0,2058828 0,6219751 -0,1830367 0,6103792 0,1793766 -0,5191161 -0,3292941 0,04557331 0,06377164 -0,5605097 0,09259996 -0,1733765 -0,3525732 0,5006964 -0,591719 0,473518 0,05955771 0,2354916 0,364518 0,1202573 -0,3502342 -0,1471115 -0,1087705 -0,269909 -0,2031592 
0,3371736 0,1535732 0,2414968 -0,1563285 -0,5518675 -0,5157026 0,3200116 -0,2378049 0,1890671 -0,4116237 0,07568133 -0,4043322 -0,1147551 0,4611769 0,3818735 -0,3642299 0,5356469 -0,3650071 -0,0732064 0,1716654 -0,604197 -0,01398231 0,02622723 0,4611128 -0,3333106 
-0,3339873 0,482541 -0,2550423 -0,009696457 -0,2826167 -0,0831735 0,2281967 -0,333466 0,1465063 0,4750041 -0,1571815 -0,2855957 0,08904538 -0,08830509 0,491275 0,3059802 0,4683811 0,1241917 0,1527291 0,0336086 0,4812039 -0,3755154 -0,5081172 0,2823526 0,1096174 
-0,271446 0,5795344 0,4421071 -0,01302006 -0,3969592 -0,2098351 -0,4844406 0,2409775 -0,3418454 -0,4402189 -0,2261959 0,05888126 0,1523324 -0,2570173 0,4816791 0,443744 0,4314937 0,2675943 -0,4304887 0,07084991 0,362344 -0,1024544 0,3828282 -0,09582122 -0,4910077 
