0,009938181 0,1119969 -0,2451235 0,5891624 0,5477116 -0,1862395 0,203462 0,1400669 -0,4525057 0,5223055 
0,505829 0,306294 0,2012604 -0,2229165 0,1409422 0,4651296 -0,3017911 -0,3307414 -0,6534309 -0,5865732 
-0,02821212 0,1697327 -0,05071788 -0,1987118 0,1308166 -0,657662 -0,2851142 0,4410703 -0,06702964 0,2636496 
-0,3523991 -0,7244636 0,01774376 -0,7871767 0,2390846 0,5081242 0,008962736 -0,2047089 -0,3638347 -0,4397941 
0,3567054 0,1135424 -0,2436001 0,5759016 -0,06589481 0,08604507 -0,6110031 -0,4317342 0,3024556 -0,5515041 
0,2884816 0,46155 -0,4201278 0,4712571 0,4231539 -0,3599842 0,4312902 0,05532317 -0,1881929 0,2857119 
-0,6839723 0,7171121 -0,2375277 -0,2944076 0,3279087 0,2000613 0,4763055 0,5264606 0,5605702 0,2710383 
-0,06608473 0,3830183 0,2159042 0,1138168 0,1832022 -0,4114036 -0,2617213 0,4862493 -0,5387533 0,8141147 
-0,07123787 0,6997989 0,3267367 -0,3478924 0,207961 0,08484955 0,4886081 0,6545513 -0,246165 -0,1218796 
0,4191759 0,8321459 -0,116292 -0,06546317 -0,5722618 0,3155247 -0,3728845 0,3323436 -0,2360483 0,08124812 
0,4825209 -0,4847013 -0,0002528855 -0,417465 0,4907682 -0,3851775 0,3891802 -0,2479996 -0,3974322 -0,02632193 
0,02449781 -0,1993691 0,1181325 -0,07504485 0,1413439 -0,1704162 0,4440649 -0,5556947 0,1565039 -0,5419962 
0,05311199 0,635631 -0,02240469 0,4994546 0,4784795 -0,2414258 0,003314678 -0,3692562 0,07193443 0,6978385 
-0,5971988 0,3395041 -0,3078787 0,4218892 -0,2451014 -0,4424175 -0,0009706175 0,8301786 -0,6110056 0,5684027 
0,02059618 0,5925401 0,3396571 0,6557381 0,4113335 0,004138642 -0,06011473 0,5793374 0,6171916 0,4977434 
0,5171129 -0,2488551 -0,2972307 -0,02382533 -0,04077863 0,02455408 0,0007079628 0,08651401 -0,4200126 -0,5971164 
0,08547417 -0,1283779 0,3815117 -0,3506805 -0,2210726 0,3502845 0,5183464 -0,2683972 -0,3101961 0,3124443 
0,5274782 -0,2965466 0,1585652 0,2518842 0,05927328 -0,3687285 -0,4560409 0,4717714 0,6343339 -0,4324479 
-0,5309141 -0,0265344 -0,04849355 0,419515 0,4002987 0,7378387 -0,1169659 0,3292624 -0,01442849 0,0235783 
-0,3439267 0,4909972 -0,006166888 0,3456783 -0,03823112 -0,5362085 0,2206119 0,4387961 -0,186179 -0,7953561 
0,2219262 0,4647569 0,3023143 -0,1426206 -0,4601406 0,04586623 -0,3227253 -0,03365463 0,5761466 -0,3676636 
-0,009522104 0,4371092 0,1048396 -0,5449964 -0,1537862 -0,9119996 0,4301336 -0,5824268 -0,3146181 0,0107487 
-0,3107746 0,3482325 -0,2300551 0,09621318 -0,5579599 0,4756362 -0,01609187 -0,4403852 -0,02162442 -0,4846664 
-0,09392056 -0,263584 0,04238441 0,4308531 -0,005106689 0,04547559 0,2341216 -0,8101606 0,06452709 -0,1700795 
0,098966 0,3301866 -0,3730997 -0,2356351 0,2015158 0,1454803 -0,2696339 -0,3999137 0,2729323 0,8463002 
