-0,02849707 0,170211 0,1992779 -0,2815368 -0,4659678 -0,4012416 -0,1828128 0,1629449 -0,4591953 0,3342438 
-0,08289417 -0,3755336 0,2227829 0,002961614 0,1061327 0,1692541 -0,3051019 0,1655351 0,09670313 -0,4641847 
0,5663709 0,4070226 0,3840666 0,4816058 0,2948435 -0,4388335 0,3628458 -0,3345317 -0,003429672 0,4693905 
0,3563818 -0,1305751 -0,1864697 0,2829095 0,3356419 0,1401512 -0,5054837 -0,3627795 -0,4113045 -0,2068604 
0,1178883 0,2803393 -0,1958244 -0,1169359 -0,3276471 0,1550756 -0,4775665 0,420737 0,498265 -0,05761294 
-0,01149503 -0,399949 -0,1367462 0,182414 0,3575442 0,1100756 0,2919554 0,1373467 -0,09771629 -0,5272406 
-0,3543025 -0,2962644 -0,3317184 -0,3966896 -0,3511367 0,3849064 0,2771704 0,4274493 0,1302154 0,4764511 
0,1920638 -0,3631775 -0,006320498 -0,1483325 -0,07172243 -0,2932822 0,108829 0,02975378 0,3829807 -0,3320881 
-0,3232779 0,4660822 -0,3942921 -0,4362113 -0,07226242 0,1533189 0,4451435 0,1863023 0,4316945 -0,2059843 
0,3672071 -0,1957013 0,1140104 -0,393701 -0,445764 -0,126744 0,07993285 -0,3156078 -0,3021016 -0,2643166 
0,3446524 -0,4112004 -0,1965584 -0,4844635 0,2849533 -0,1369884 0,1085629 -0,4269695 -0,2105146 0,156965 
-0,4821543 -0,1869528 0,3461961 -0,2739694 0,4925822 -0,1798738 -0,3644093 -0,3762603 0,1633821 0,03804104 
0,4518078 -0,3043553 0,448534 -0,1017192 -0,3506587 -0,1285946 0,02701418 -0,1657134 -0,2152884 -0,4499224 
0,2056216 -0,08758219 -0,1436675 0,1639206 -0,1360401 0,4563429 0,1059436 -0,418314 -0,1877562 -0,4731071 
-0,4785673 0,4113441 -0,1632563 -0,181518 -0,2228943 0,06023842 -0,07324274 -0,1705664 -0,370803 0,1836235 
-0,2461963 -0,04552868 0,003620913 0,1566978 -0,2670421 0,1778085 -0,3817967 0,3970404 0,3585388 -0,1069946 
0,3323781 -0,245475 0,2264213 -0,2849883 -0,523636 0,07305137 0,4691301 -0,2645148 0,3924641 -0,47842 
0,1716087 -0,4709914 0,344127 0,1071608 0,02291754 -0,4339047 0,353442 0,130571 -0,3648724 0,102402 
0,4954142 -0,3163224 -0,2527177 0,1087626 0,3324237 -0,2932972 0,427553 0,1153115 -0,08869128 0,1480261 
0,3749602 0,1860544 -0,2500676 0,3647765 -0,311942 0,2896523 -0,3641182 -0,3693098 -0,2117209 0,1608377 
0,04714238 -0,2837299 -0,04943699 -0,4509219 0,4682215 -0,3132327 0,06883504 0,3332712 -0,3781895 -0,3737465 
0,322775 -0,05062683 0,26966 -0,2593123 -0,0657656 0,1889132 -0,4957959 -0,3199868 -0,08847588 0,3282092 
0,1223658 -0,1511937 0,27815 -0,2748318 -0,2609815 -0,440663 0,3204995 -0,5314761 -0,1069536 0,2312211 
0,3326848 0,2299816 -0,1896226 -0,04341256 -0,4739864 0,255381 0,1756764 -0,3365093 0,1319978 0,1614748 
0,05347878 -0,4285776 -0,05185314 -0,2453778 0,333619 -0,1779779 0,4001166 0,4937513 -0,1222487 0,04327127 
