-0,1361578 -0,3677089 0,0217017 0,0226085 0,07515174 0,1343975 0,3163937 0,3624386 -0,2180179 0,8324474 
0,4408025 -0,3088999 -0,01852169 -0,6173093 -0,4030728 -0,2307751 -0,07564887 0,9192887 -0,7948478 0,5978353 
-0,5692745 -0,0898835 -0,3945825 -0,4567944 0,1967585 0,01296707 -0,3847204 0,1682188 -0,5261374 -0,2777026 
-0,6436267 0,7966512 -0,1961832 -0,2287371 -0,2998641 0,3928059 -0,1055298 -0,2105016 -0,1999051 0,4514637 
0,3067055 0,5092124 0,2668377 0,09999462 -0,112463 0,4331051 0,2643599 0,3785555 -0,3801343 0,4140497 
0,05717241 0,1785446 0,1175368 0,6222901 -0,09298266 0,3511099 -0,187714 -0,2994515 -0,02030504 -0,485914 
0,1486237 -0,546173 -0,008882162 -0,01070486 0,1379282 0,8361164 0,6540068 -0,3543294 0,4994905 0,3337326 
0,420398 -0,1819754 -0,03914743 0,1002921 0,6664229 -0,3870474 0,4106747 -0,2834437 0,5740494 0,7917759 
-0,05563226 -0,6902271 -0,2387847 -0,004446114 0,2339742 0,01540186 0,03666513 -0,3063573 0,4381729 -0,257738 
-0,262801 0,8373699 0,1626735 -0,527003 -0,3582983 0,001864882 -0,1418522 -0,2435099 -0,4146064 0,3017365 
0,2083342 -0,02908594 0,1154576 0,410615 0,5009835 -0,2367987 -0,05491979 -0,3241958 -0,700383 -0,5050371 
-0,2877439 0,675842 0,162207 0,2400975 0,5046417 -0,08370676 -0,02607446 -0,8479044 -0,01609262 0,9676987 
0,3252789 0,08078491 0,01830211 -0,1776973 -0,5984882 -0,6832495 -0,2393799 -0,3258403 -0,5736124 -0,08340885 
0,4820834 0,6200271 -0,0947787 -1,056261 0,2039185 0,425557 -0,4449253 -0,6932516 -0,2861721 -0,6806869 
-0,4685644 -0,4249622 -0,348379 0,3519973 -0,1558495 -0,2069788 -0,3482942 -0,3122973 -0,17807 0,3676233 
-0,3228712 -0,4930374 0,09382434 -0,1194669 -0,1960082 -0,3401651 -0,344826 -0,2641502 0,4100868 0,771975 
-0,6276634 -0,3341542 -0,1750805 0,2267881 0,2364443 0,01264732 0,3684722 0,5637649 0,3808695 -0,07919823 
-0,1877788 -0,4248686 0,4037881 -0,07912684 0,2305905 0,06342781 0,2320018 0,3843296 -0,4064653 0,2890958 
0,5114506 -0,5049005 0,1751748 -0,4149483 -0,1755042 0,8579324 0,454408 -0,5919329 0,769755 0,3777284 
0,2042717 0,2327089 -0,286205 -0,08667737 -0,4274991 -0,1720162 0,6316221 -0,1103895 -0,5430991 0,5681496 
0,8435636 -0,5876901 -0,03645284 0,5417204 0,1229544 -0,7880948 -0,5022974 -0,3807228 0,005984728 0,1000053 
0,4130144 -0,02328423 -0,3597663 -0,2352964 -0,7678371 0,3597897 -0,06054837 -0,7308693 -0,07571049 0,2039702 
0,3845467 0,4000153 0,02622676 -0,3516715 0,4251999 -0,06987891 0,2766314 -0,3868221 -0,3245199 0,2045413 
0,02309789 -0,4751077 0,1672335 -0,1327235 0,2300444 0,2898275 0,5626885 0,1090173 0,06137251 -0,6603618 
0,02106516 0,7444711 0,01345992 -0,2540129 -0,572194 -0,1070786 0,01921235 0,4700074 -0,2276745 -0,8088171 
