-0,09602553 1,044922 -0,707369 0,1592932 -0,2856193 0,3723886 0,1985368 -0,6763452 -0,2816999 0,3120433 -0,1849858 0,004429076 0,6381472 0,6747099 0,4774215 0,2709851 0,2987423 -0,1151428 0,2624633 -0,07312282 0,06204204 -0,2855983 -0,2344769 -0,4819394 0,001946411 
-0,1164323 0,07055987 0,5679159 -0,295249 0,3825232 -0,5430219 0,1548597 0,1440366 -0,2816885 -0,2316094 0,2871566 -0,05731932 0,3567739 0,2769536 -0,02536087 -0,2988659 0,2100126 -0,473802 -0,2678938 -0,4195986 0,3520488 0,0009238069 -0,3312383 0,1702729 0,1341973 
-0,1216353 0,5823687 0,3583843 0,3949326 0,1007017 0,409634 -0,1213398 0,1478339 -0,2220751 -0,07372515 0,5415686 0,2725061 0,360011 -0,4052986 0,3191301 0,1115734 0,3622592 0,1447241 -0,1460175 -0,5254781 -0,1009777 -0,243439 0,309947 -0,07874854 -0,2839968 
0,2373836 -0,103659 -0,02995471 -0,2042772 0,2262982 -0,5590978 0,009280572 -0,07817145 0,2078302 -0,1315456 -0,4439391 0,4299474 0,08288705 0,0577401 -0,1514707 -0,2342152 0,2155187 0,01919911 -0,1367209 -0,1375189 0,280319 -0,4211181 0,2766253 -0,1307625 -0,06289028 
0,2557386 0,6111677 0,3692797 -0,1743612 -0,04389324 -0,05872814 -0,1093545 -0,6779113 0,1527309 0,6708763 0,1217083 -0,4134752 -0,1872088 0,4408663 0,01267239 0,2879021 -0,3268675 -0,5467273 0,1600223 0,1493252 0,5083687 -0,2011957 -0,3077952 -0,9355072 0,4087335 
0,1152711 -0,04052787 -0,01176282 -0,4102076 0,08426921 0,1790117 -0,05782473 -0,4282218 0,4060248 0,2961843 -0,2150424 0,1010559 0,2191158 -0,09938636 0,4906567 0,3101442 0,1259485 0,4761824 0,094487 0,2154092 -0,4205327 0,06990646 0,345476 0,1780038 0,5073556 
0,06207288 0,4652458 -0,4126517 0,1585748 0,05267437 0,04886062 -2,586241E-05 0,2450692 0,0438013 0,2578349 0,4422983 0,1590814 -0,2792238 -0,344321 -0,1873168 -0,150093 -0,3477696 -0,1914539 0,3978686 -0,1322777 0,3299784 -0,08376618 0,2687159 0,375494 0,478701 
-0,2965221 -0,04217448 0,2285042 -0,2085872 0,2863773 0,2976994 -0,0609133 0,2972133 -0,4610787 -0,431608 0,2616199 -0,3551732 -0,009819331 -0,1722251 -0,4113497 0,6342965 0,4942186 -0,1157195 -0,04326828 -0,3827626 -0,4762358 0,0425532 0,6668249 -0,436974 -0,1250346 
-0,6213502 -0,2350459 -0,3615757 -0,2058237 -0,5678244 -0,3473391 -0,4417367 -0,1683197 0,166843 -0,4390224 -0,1552692 0,4931556 0,2239179 0,08018018 0,2868312 -0,3108737 0,1961782 -0,3687686 -0,5533621 -0,03500446 0,5254853 0,3113795 0,589319 -0,1053879 -0,1207457 
0,5079572 -0,243884 -0,3940068 0,3145379 0,3599314 0,4517758 -0,07266031 0,006618682 0,3713122 0,2169194 0,1375199 -0,02775831 0,1922375 0,4890478 0,4375059 -0,01187416 0,4571911 0,3016512 -0,4824442 0,4643989 0,4515325 -0,06447769 -0,01024995 0,2398735 0,1358508 
-0,2446859 -0,1720183 0,208888 0,09106128 0,1331703 -0,09458593 -0,1410384 -0,1458362 0,1467368 -0,3373394 0,4541609 -0,5234196 0,07586751 0,4680333 -0,04584341 0,4351015 -0,01661696 -0,03041119 0,4823349 -0,3658532 0,2431272 -0,3492956 -0,348102 -0,2054927 -0,2757294 
-0,7818663 0,2119796 0,7742012 -0,0183282 0,06411915 -0,4216702 0,06293063 -0,2204037 -0,4128439 0,2869884 0,3403455 0,04955961 0,1743375 -0,4124888 -0,2112525 -0,08474436 -0,5151582 0,514909 0,5365459 -0,3799487 0,1155847 -0,1209145 0,5943329 0,1375454 -0,3490468 
0,1697501 0,502463 -0,01641103 0,2623683 0,1568401 -0,3750686 -0,3926067 -0,03593335 0,01196453 -0,05670623 -0,1161924 -0,02297382 0,4967907 -0,3119641 0,01067206 -0,187365 0,2763276 0,1108408 -0,5042818 0,3376287 -0,4291143 0,04342019 -0,1394238 -0,1120482 0,3702668 
0,320205 0,2455506 -0,1909357 -0,4484988 -0,0005049672 0,306517 0,7089172 -0,5800632 0,2236054 0,3934988 -0,1344779 -0,3571658 0,5310629 -0,03740262 -0,2843041 0,2865337 -0,7375372 -0,158846 0,2977319 0,5457564 0,524882 -0,07860758 0,3975142 -0,7177632 0,3510855 
0,2951149 0,2503182 0,2727106 0,5774928 -0,393944 -0,2872839 0,3827012 0,480786 0,3001418 0,4398594 0,1940709 0,3605584 0,1446418 0,3506206 0,1336867 -0,1064091 -0,1488309 -0,163563 -0,2341243 -0,3364668 0,5358534 -0,4899173 -0,3467793 0,1082939 -0,3256352 
0,2743124 -0,4527916 -0,230931 -0,02917067 -0,3756591 -0,07070146 -0,0201819 -0,602076 -0,424884 0,4099082 0,3313906 -0,02857856 -0,1664398 -0,4203942 0,2716284 0,07590219 -0,3998508 0,4459383 -0,3360846 0,08994675 0,2623025 0,1824831 0,1439485 -0,5940565 -0,1599337 
-0,1454741 -0,3307374 -0,09065611 -0,3699881 0,5220401 0,06647152 0,08154204 -0,3855909 0,19001 -0,2897086 0,5307037 0,03631065 -0,1111353 0,07815746 0,009379692 -0,1021935 0,3951375 -0,08896398 0,3618381 0,3417825 -0,335203 -0,2968864 0,4528521 0,06480297 -0,1506975 
0,2828319 -0,2671972 0,2718658 0,4428127 0,05752919 0,03411296 -0,06414947 -0,5857546 -0,6340445 0,3868576 -0,01728734 -0,5551327 0,3724811 -0,2703739 -0,05699604 -0,03282745 -0,1898208 0,03913945 -0,6166273 0,3147364 -0,4751222 0,3061689 0,146743 0,4431274 -0,08342285 
0,305928 -0,3914917 0,0900401 -0,2133833 -0,1754914 -0,288653 -0,4276237 0,3023449 0,2598553 -0,3494062 -0,05627172 0,2310641 -0,2753742 -0,3172061 0,2274329 -0,1897457 0,07797087 -0,07897081 -0,07777116 -0,3472412 -0,3345819 0,4305483 -0,0981454 -0,06556238 0,03232786 
-0,3813677 0,3110049 0,3478823 0,2348728 -0,4132868 -0,4306269 0,2468841 0,4060917 0,05542301 0,1988884 -0,08283169 0,5081047 0,292055 0,2361761 0,2628587 -0,217796 -0,3252262 -0,4711236 0,4642475 0,4198287 0,08586725 0,4262453 -0,1476564 -0,05632323 -0,06960551 
0,2020149 -0,1957698 0,235192 0,2938139 -0,4903534 0,5440644 0,2675153 -0,3992798 0,2753465 -0,327215 -0,1976588 -0,2479548 -0,1967419 0,1387781 -0,4012676 0,1848544 0,2472356 0,2112146 -0,1966117 -0,09395705 -0,09008147 0,3737039 0,3332914 0,2598083 0,342651 
-0,6174215 0,4022679 -0,2474183 -0,1244381 0,455838 -0,2445293 -0,1513975 -0,1470691 -0,2400026 -0,1413263 0,3038924 0,3292995 -0,09101927 -0,1200251 0,2858124 0,3411096 0,2737451 0,3946867 -0,1736923 -0,1313777 0,3958316 0,6913862 0,2251539 0,2016682 -0,336851 
0,4150061 -0,1239662 0,2458363 -0,3504031 -0,4537982 0,3005054 0,107924 0,4831903 0,2938377 -0,3845474 -0,3823605 -0,08666787 0,2291198 0,2783856 0,4210097 0,6000638 0,3665666 0,4561135 -0,3463544 -0,07142603 0,330653 0,05076536 -0,1115046 0,05974497 0,08821792 
0,05393913 0,485324 -0,1752338 -0,02857966 0,3691317 -0,4681296 -0,183476 -0,01541801 -0,1260191 -0,3659995 -0,4419528 0,11432 -0,2852147 -0,2905108 0,07035116 -0,4954749 0,343424 0,0317615 -0,2546543 0,06807979 -0,2340741 -0,45348 -0,4061115 -0,07064485 -0,1122431 
-0,1419991 -0,4246733 -0,5469211 0,05154743 -0,1509934 -0,06997459 0,5645604 -0,4164065 -0,04634378 0,1013146 0,2304819 -0,2850589 -0,1707463 0,4814984 -0,4090476 0,3745359 -0,280415 -0,05527146 0,09330412 0,5635114 -0,2568832 -0,1391141 0,01625047 0,3253229 -0,1566076 
