0,1940432 -0,5663207 -0,2716123 0,5557144 -0,415651 -0,2017781 -0,06522793 -0,5039666 -0,4431524 -0,5596728 
-0,4720082 -0,1098673 -0,03285998 0,5002016 -0,1228466 0,05961356 0,1267536 -0,1762362 0,675485 -0,8591716 
-0,1489283 -0,2318838 0,1566431 -0,1315625 -0,3211058 -0,1418037 -0,005127203 0,4796697 -0,4999079 0,2137289 
-0,05031471 0,2177459 -0,2378113 0,06849413 0,04210646 0,3635591 -0,04447327 -0,08022191 0,2861654 -0,4384156 
-0,402953 0,05846017 0,358344 0,2107686 0,1539825 0,3601784 0,5786259 0,08803452 -0,4949225 0,4648342 
0,2254554 -0,3126086 -0,2582842 0,1372183 0,0404681 0,1322441 -0,1842499 0,06095821 0,3916842 0,4031612 
0,1954223 -0,04739272 0,1698145 -0,06226647 0,260504 -0,2379751 -0,2715337 0,3454976 -0,4472853 0,3531097 
-0,1230177 -0,2902781 0,1789359 0,1662845 0,4872576 0,1593994 -0,1806391 -0,3959491 0,255904 -0,2177888 
0,1848104 0,1989989 0,4356937 -0,07891531 0,3577586 0,08396651 0,02010037 0,2502337 -0,2528109 -0,6465912 
0,389899 0,1744776 0,0826916 0,0919025 -0,147199 0,03743431 0,2383162 -0,3136976 -0,5683993 -0,1054865 
0,1762576 -0,4653783 0,1605258 0,2105385 0,2013252 -0,1771811 0,03394807 0,05748349 0,0468059 0,1810078 
-0,1844675 0,5120838 -0,3896916 0,2443178 -0,02951658 -0,6223199 0,2887122 -0,1453086 0,07075491 -0,3187819 
0,5469118 0,1843872 0,02488956 -0,5316839 0,1758338 -0,08964625 0,1881932 0,3508179 -0,1464949 0,2543482 
0,4574964 -0,4567753 -0,2237063 -0,06190427 -0,04802847 -0,392269 -0,4628102 -0,3914951 0,1123243 -0,140637 
0,1347758 -0,5916711 0,2723766 -0,1493108 0,1093755 0,3071412 0,2413222 0,07661799 -0,1820963 -0,4593607 
0,3149969 -0,2578645 0,1738571 0,2469788 -0,04461176 -0,4373864 0,05573383 -0,0589897 -0,4285569 -0,344137 
0,1360093 0,3693678 -0,1659193 -0,134806 0,29103 0,09854197 0,2462395 -0,1838405 -0,5952845 -0,3945653 
-0,04678443 0,1880022 0,1628338 -0,2207882 0,2164144 0,2071698 0,4414062 -0,4815126 -0,08796697 0,7056947 
0,1495048 0,4502777 -0,01715776 0,4839306 0,3539038 0,03979631 -0,1409053 -0,1094022 0,442883 0,1708116 
0,02027098 -0,1530546 0,4010418 -0,2082181 0,2756967 0,3798119 0,3940255 0,1567669 0,01225272 -0,28163 
-0,5413692 -0,5234824 0,3638744 0,5704652 -0,2831785 0,4052189 -0,1248474 0,2437353 -0,2844485 0,2713659 
-0,4195157 -0,5407852 -0,2085072 -0,008534809 0,2849131 -0,6624737 -0,06843914 -0,2408976 0,2569657 -0,2955396 
-0,4045883 -0,09456368 0,2252888 0,0387789 0,4666317 0,2935323 0,3762826 0,4545572 -0,2950839 0,3657072 
0,56427 -0,3763213 0,4521487 -0,3027907 0,2081944 0,3003357 0,2537483 -0,2964694 0,4551195 0,349847 
-0,3342852 0,2350302 -0,1054208 -0,3468719 -0,2828163 -0,3137005 -0,4089371 0,4221508 -0,023494 0,0262963 
