-0,1062856 -0,3003405 0,2613271 -0,6408464 -0,1768248 -0,06489189 -0,7574307 -0,6042053 
0,08908706 -0,3532305 -0,2375965 -0,2091066 -0,3010927 -0,5740222 0,4083598 0,3768659 
0,4842691 -0,4521409 -0,2296947 -0,1356612 -0,04132107 -0,06558489 0,2345766 -0,6118661 
0,3868107 -0,1669284 -0,1654398 -0,2741223 -0,3327733 0,4296377 -0,1356033 0,01183314 
0,03720922 -0,4042676 -0,5086384 0,1038256 -0,3978829 -0,3127501 0,2249013 -0,06271733 
0,8041584 -0,5400848 0,002943897 0,4371423 -0,5926317 -0,03761954 -0,5164125 -0,3935205 
0,4884312 0,9599112 -0,2115154 0,5115319 -0,386322 0,09810682 0,3131945 0,4425976 
0,235571 0,195161 -0,2428695 0,1619844 -0,5999736 0,2676674 0,3113164 0,2681525 
0,03258276 0,1096057 0,205363 -0,673612 0,2581415 -0,4595845 -0,03795061 0,04933221 
-0,1318752 0,3401589 0,09323114 -0,4114226 0,01018382 0,1694191 -0,3682734 -0,4095241 
-0,05038691 -0,4737331 0,01667575 0,08179154 0,1376803 -0,6064723 0,8712032 -0,8926573 
-0,2037673 -0,5741532 0,2633244 0,5988837 -0,3394131 -0,3161694 0,04696719 -0,4748744 
-0,199831 -0,5121679 -0,3254958 -0,2708189 0,49587 -0,3850299 -0,08105357 0,2181937 
-0,04905455 0,7318512 -0,1970923 0,1668069 -0,2858345 -0,06824663 0,0267358 -0,7160971 
-0,4096042 0,5118785 -0,0503347 0,5832316 -0,5133432 0,2063251 0,07716448 0,2323361 
-0,09178537 0,05290651 0,3023654 0,2318893 -0,6232723 0,5525552 -0,4129275 0,05701237 
-0,1971376 0,04479087 -0,3629247 0,0866068 -0,02177664 0,4849765 0,03454372 -0,564693 
0,5490793 0,3371823 -0,1576785 -0,3227057 0,494585 -0,2979963 -0,7123292 0,7923425 
0,3544924 0,4134556 -0,02641941 -0,2486746 0,2535395 -0,1955126 0,3885184 0,5415474 
0,3953907 0,1914222 0,07567364 -0,1973323 -0,2027806 0,6377788 0,07300135 0,2533193 
-0,2689935 0,09409969 -0,3167697 0,1037581 -0,1882527 0,8508083 0,1139692 0,08970758 
0,4609852 -0,02366217 -0,3065025 -0,0807351 -0,4819229 0,5890741 0,01650422 0,08119512 
0,2068913 -0,462049 0,4533575 -0,1553186 -0,2152489 -0,1177903 0,1950875 -0,7868191 
0,2250834 -0,5999064 0,0845591 0,2894676 -0,3355802 -0,6625592 0,039869 -0,3781583 
-0,1060844 -0,2130931 -0,230981 -0,2751892 -0,2020864 0,1418609 -0,2399145 0,7722822 
