-0,04439763 0,172504 0,4183689 -0,0578666 -0,2980824 0,2195453 -0,1868117 -0,1020281 -0,4435679 0,03733515 0,4600115 0,2469985 -0,02841916 -0,07612053 0,4044673 0,4228356 0,05337746 -0,3591148 -0,08160488 -0,331219 -0,2637291 0,3631909 -0,1512836 0,2650974 0,3338648 
-0,243763 0,4346823 0,2618236 -0,1349676 0,2400854 0,09880043 -0,2099069 -0,5823073 -0,07582165 -0,1893366 -0,3708223 -0,1627452 -0,07889256 0,1556515 -0,3933468 -0,2947784 -0,1979116 -0,01561874 -0,1478902 0,403978 0,02437927 -0,4342587 0,4701356 -0,270294 -0,1534147 
0,2556223 -0,4109665 -0,1010071 -0,1197203 0,003762604 0,01423527 -0,1657271 -0,2516862 0,1779912 0,2354574 0,1616315 0,08429465 -0,4636889 -0,1572838 0,5806088 0,2586695 0,1394795 -0,5526448 -0,5742859 0,3390069 0,1730599 -0,1734199 -0,1976007 -0,3514882 0,4521034 
-0,3786393 -0,1078592 -0,3990119 0,3838314 -0,2515056 -0,2215692 -0,399655 0,0286381 -0,4479792 0,5025338 0,004095396 0,5003107 0,1706706 0,445479 0,2087754 0,3261218 -0,3202436 0,1909661 -0,4333704 -0,2049235 0,2561585 -0,3017145 -0,4830156 -0,2180387 -0,3713913 
0,3726532 -0,2971399 0,2298271 -0,1504996 0,2034203 0,02686739 0,1637197 0,5025648 -0,03643699 -0,03486764 -0,2973759 -0,209349 -0,1891581 -0,09971103 -0,01890107 0,169915 -0,466912 0,4843433 -0,05772171 -0,06571393 0,1252648 0,5801377 -0,3713453 -0,07213255 -0,483602 
-0,1934642 -0,1385394 -0,2698877 0,4576866 -0,3272361 0,2456709 -0,1124599 0,312806 0,2588584 -0,1390573 -0,4331127 -0,2783555 -0,2082587 -0,05908335 -0,03088125 0,3005886 -0,4321467 -0,2506469 -0,1817994 0,07261477 0,002460046 0,2973195 -0,0159662 0,08790524 0,1528062 
0,2504557 -0,2174075 0,1771876 0,2876287 -0,1106307 0,3470456 -0,4099869 -0,05164738 -0,1293385 -0,1625299 0,4685332 0,02369851 0,4365872 -0,09984762 0,2355851 0,3721507 -0,04340257 0,1558442 0,3141151 -0,02285656 -0,1169134 0,3774406 0,055689 0,4435909 0,2019974 
0,2498938 0,2475176 0,1879672 0,4278656 -0,1040714 0,007492934 -0,3823988 0,1894482 -0,04965791 0,06469067 -0,09569318 0,1601177 0,5748826 -0,2237459 0,0571407 0,5098401 0,4026732 0,2886955 -0,439826 0,0112407 -0,2510521 -0,490277 0,2419265 0,1060937 0,1226311 
-0,4165352 -0,2781837 0,003057141 -0,4781957 -0,2251837 0,3242884 0,1749658 0,2349899 -0,3598255 0,2755507 -0,3894913 -0,05041595 0,04088869 0,3484675 0,2055344 0,4322621 0,3576742 0,1547809 0,422447 -0,2147964 -0,3877677 -0,02325866 -0,1335022 -0,1369502 0,01428422 
0,07315388 0,3981892 -0,05082081 -0,03221632 -0,05627119 0,1192159 0,3734274 -0,3629602 -0,4837668 -0,1902681 -0,06777301 -0,006427626 0,1244899 -0,2131916 -0,0492623 0,2160645 0,4504786 0,5046449 0,04455274 -0,1901001 0,02226149 -0,1305618 0,5286589 -0,1483312 0,005008542 
-0,1051294 -0,2880169 0,7439644 -0,314768 0,1174681 0,2653479 0,5733651 -0,4877087 0,03103748 0,09436162 0,3578635 -0,3286449 -0,08176229 0,1943842 -0,2792485 -0,2365503 -0,1328718 0,00179125 -0,293229 -0,1612876 0,07299865 -0,3997148 0,1402253 -0,2791108 0,2264829 
-0,2612011 0,1380689 0,3175366 0,3895864 0,4383435 -0,3126826 -0,5558714 -0,2232509 -0,4514281 0,3533896 -0,4971272 0,5536754 0,1898327 0,1219589 0,08337608 0,02539865 -0,2590217 -0,3295039 -0,1188877 0,1008298 0,04848071 0,3838873 -0,3166804 -0,2039739 -0,1872219 
-0,1649711 0,4661 0,07452088 0,4286076 -0,4759709 -0,2017686 -0,4103048 0,144353 0,4136153 -0,1639761 -0,4557995 -0,3904089 -0,2422025 -0,1156607 0,001078292 0,4443132 0,436077 -0,4933371 0,3313682 -0,3250644 -0,1888439 -0,04109611 0,2482966 0,1272057 0,3808611 
-0,4192408 0,3440948 -0,435219 0,1668552 -0,5902633 0,1378875 -0,03422745 -0,2249297 0,2307528 -0,02644179 0,004814309 -0,001470127 0,05298853 0,5008374 0,09697541 -0,473275 -0,2755562 -0,6080497 -0,1455564 0,07601359 -0,08251911 -0,5486998 0,03598805 -0,3649874 0,2873687 
0,1933232 -0,1184132 -0,1608732 -0,1841846 0,4207849 0,2681438 -0,3368714 0,1768747 0,5580723 0,5707018 -0,05248256 0,3663723 -0,3078142 0,3491881 0,3879634 0,3452605 0,2934509 0,01133668 0,4471333 0,5058978 -0,1625001 -0,1812616 -0,3365558 -0,09749067 -0,5368277 
0,5397722 0,002358219 -0,08996157 -0,2332709 -0,1088892 -0,3642511 -0,1510513 -0,4609725 0,3745186 -0,04116596 0,3576339 -0,4770763 -0,4650218 0,2856363 0,3293352 -0,0376534 0,3189668 -0,0800672 -0,4762877 -0,3540899 -0,440504 -0,2769222 -0,3119646 0,07845605 0,2789119 
0,3407824 0,1109091 0,1540334 -0,3085201 -0,05952914 -0,4527622 -0,1913395 -0,3222212 -0,1695594 -0,4294598 -0,2994391 0,0918141 -0,06711002 0,02477387 0,3406692 -0,4335603 0,5365703 -0,3794645 -0,2323488 0,4248233 0,3319652 0,2241349 0,3057432 -0,5126526 -0,06325783 
0,1899166 -0,4982518 -0,3538185 -0,2994042 -0,4412386 0,2051612 -0,2447797 0,4214999 -0,1277472 0,1192394 0,04984687 0,2004089 0,4138446 0,1259719 -0,2082604 0,02297664 0,4332205 0,3805436 0,1680129 0,004731652 0,4156571 -0,2362789 0,3222302 -0,2442214 -0,4985274 
-0,6841982 -0,6297628 0,3010708 0,2155911 -0,3455706 -0,3379023 0,253207 -0,06501409 0,0730657 0,2461084 -0,5152779 -0,5091116 0,6625005 -0,3075916 -0,1171372 -0,5924404 0,2581877 -0,09787553 0,3795756 -0,227533 -0,3568501 -0,6208654 0,04333685 -0,2019437 -0,1101985 
0,1878936 0,1483302 -0,3705428 0,08517411 0,1043465 -0,1162107 -0,2192972 0,3798802 -0,4967674 0,4127278 0,01310355 -0,1618893 -0,1623192 -0,235505 -0,02116098 0,3127973 -0,2455955 -0,1588615 0,2345708 -0,2623995 -0,1847226 0,463742 0,2034504 -0,1529846 0,04601272 
-0,2810722 -0,6857345 0,4443552 -0,4512804 0,2410809 -0,3739419 0,2783452 0,1771279 -0,2988079 -0,09629596 -0,1014105 0,1447746 0,5673547 -0,4168286 -0,08987458 0,3770278 -0,2100836 0,4129003 -0,3165375 0,2349541 0,1406046 -0,2471605 0,3814923 -0,01470901 -0,187536 
-0,3957368 0,2542021 0,2284242 0,2637657 -0,4284015 0,3407557 -0,4153838 0,2695014 -0,3550253 -0,08496884 -0,2539017 -0,2121052 0,4153237 -0,2356855 0,466123 0,4718223 0,004471617 0,5070941 0,4110155 -0,3921739 -0,3603405 -0,1283471 -0,1968091 -0,04673441 -0,02983824 
-0,2902362 -0,4602738 -0,01222759 -0,03022467 0,2271391 0,2408639 -0,3088464 -0,00459029 0,148977 0,2418282 -0,216098 0,3299924 -0,4609608 -0,2995775 -0,01399997 -0,2135433 0,4008371 0,1434027 0,1450435 -0,3376149 -0,01296877 -0,2467923 0,1989533 -0,3120583 0,3478144 
-0,3645426 -0,05363939 -0,4969847 -0,2291454 -0,2580498 0,1138752 -0,02420816 -0,1010102 -0,09976864 0,3855036 0,3009492 0,1281207 -0,2021213 -0,06017773 0,1348529 -0,4597435 0,3544882 -0,1715946 0,003708823 0,2624977 -0,4182767 0,003256551 0,3599115 -0,121804 0,3550227 
-0,2802516 0,1528325 0,08475292 -0,211063 0,3853388 0,5058782 -0,2645194 -0,1430691 0,05469372 0,1253609 -0,08300266 -0,5634108 -0,2395403 0,07627258 0,5872877 0,1874647 -0,07374271 0,3108408 -0,1312646 0,3039117 0,07037947 -0,04887978 -0,2832488 0,7310011 -0,4645364 
